35
OP688189.1_L1_515_2_WGS_2017-06-07 0.0000000 0.0088140 0.0088143 0.0073924 0.0074686 0.0081806 0.0076214 0.0006012 0.0091281 0.0089846 0.0091961 0.0087826 0.0075449 0.0078734 0.0081548 0.0083207 0.0100923 0.0095903 0.0085679 0.0079410 0.0086449 0.0081726 0.0095067 0.0089527 0.0197773 0.0203647 0.0205459 0.0209597 0.0198619 0.0205233 0.0211604 0.0202819 0.0203684 0.0199463 0.0209673 
OP688190.1_L1_521_2_WGS_2017-06-07 0.0088140 0.0000000 0.0002667 0.0084214 0.0084986 0.0031872 0.0086535 0.0088879 0.0006712 0.0004003 0.0010116 0.0099080 0.0085760 0.0088264 0.0093496 0.0096746 0.0012179 0.0010796 0.0091378 0.0085842 0.0096905 0.0088177 0.0044175 0.0095252 0.0187218 0.0193057 0.0191416 0.0195526 0.0188058 0.0192950 0.0200965 0.0187117 0.0193094 0.0187219 0.0199051 
OP688191.1_L1_522_2_WGS_2017-06-07 0.0088143 0.0002667 0.0000000 0.0083445 0.0084216 0.0031872 0.0085764 0.0088882 0.0005344 0.0005371 0.0010801 0.0098298 0.0084989 0.0087491 0.0092719 0.0095967 0.0012178 0.0008040 0.0090602 0.0086622 0.0096125 0.0087405 0.0042715 0.0094473 0.0186393 0.0192229 0.0190589 0.0194697 0.0187233 0.0192123 0.0200134 0.0186292 0.0192266 0.0186394 0.0198221 
OP688192.1_L1_526_2_WGS_2017-06-07 0.0073924 0.0084214 0.0083445 0.0000000 0.0000662 0.0074852 0.0001989 0.0076239 0.0086565 0.0087459 0.0088018 0.0014873 0.0001325 0.0041956 0.0009392 0.0010765 0.0096155 0.0091163 0.0042687 0.0039714 0.0015596 0.0038995 0.0086454 0.0044858 0.0192701 0.0198559 0.0200366 0.0204497 0.0193545 0.0200141 0.0206491 0.0197733 0.0198596 0.0194386 0.0204572 
OP688193.1_L1_527_2_WGS_2017-06-07 0.0074686 0.0084986 0.0084216 0.0000662 0.0000000 0.0075615 0.0001325 0.0077003 0.0087340 0.0088234 0.0088793 0.0014185 0.0000662 0.0042683 0.0008714 0.0010084 0.0096937 0.0091941 0.0043416 0.0040438 0.0014906 0.0039718 0.0087228 0.0045589 0.0193543 0.0199403 0.0201211 0.0205343 0.0194386 0.0200985 0.0207338 0.0198576 0.0199440 0.0195228 0.0205419 
OP688194.1_L1_533_2_WGS_2017-06-07 0.0081806 0.0031872 0.0031872 0.0074852 0.0075615 0.0000000 0.0077147 0.0084146 0.0034762 0.0034831 0.0035427 0.0088001 0.0076380 0.0078848 0.0084032 0.0087244 0.0043636 0.0040557 0.0085081 0.0077990 0.0088950 0.0080304 0.0038303 0.0088928 0.0177890 0.0183703 0.0185495 0.0189590 0.0178725 0.0183597 0.0191569 0.0182883 0.0183740 0.0179558 0.0187986 
OP688195.1_L1_552_2_WGS_2017-06-07 0.0076214 0.0086535 0.0085764 0.0001989 0.0001325 0.0077147 0.0000000 0.0078536 0.0088893 0.0089790 0.0090349 0.0015563 0.0001990 0.0044145 0.0010072 0.0011448 0.0098507 0.0093502 0.0044879 0.0041893 0.0016288 0.0041171 0.0088780 0.0047057 0.0195229 0.0201095 0.0202905 0.0207040 0.0196074 0.0202679 0.0209035 0.0200268 0.0201132 0.0196916 0.0207115 
OP688196.1_L1_515_4_WGS_2017-06-22 0.0006012 0.0088879 0.0088882 0.0076239 0.0077003 0.0084146 0.0078536 0.0000000 0.0092022 0.0092143 0.0095893 0.0088564 0.0077769 0.0082605 0.0085428 0.0087096 0.0101670 0.0096646 0.0083260 0.0080143 0.0085636 0.0080919 0.0092620 0.0087096 0.0200331 0.0206212 0.0202792 0.0206926 0.0201178 0.0207798 0.0214181 0.0200155 0.0206249 0.0200332 0.0212254 
OP688197.1_L1_518_4_WGS_2017-06-22 0.0091281 0.0006712 0.0005344 0.0086565 0.0087340 0.0034762 0.0088893 0.0092022 0.0000000 0.0008092 0.0014243 0.0101469 0.0088115 0.0090628 0.0095871 0.0099130 0.0009446 0.0012145 0.0093750 0.0089756 0.0099290 0.0090540 0.0046396 0.0097632 0.0189770 0.0195617 0.0193974 0.0198090 0.0190612 0.0195510 0.0203537 0.0188693 0.0195654 0.0189771 0.0201620 
OP688198.1_L1_521_4_WGS_2017-06-22 0.0089846 0.0004003 0.0005371 0.0087459 0.0088234 0.0034831 0.0089790 0.0092143 0.0008092 0.0000000 0.0014276 0.0102381 0.0089011 0.0089971 0.0095213 0.0098470 0.0013546 0.0013578 0.0094653 0.0090654 0.0100200 0.0091440 0.0047216 0.0097813 0.0190745 0.0196595 0.0194952 0.0199070 0.0191588 0.0196489 0.0204519 0.0189668 0.0196633 0.0190746 0.0202602 
OP688199.1_L1_522_4_WGS_2017-06-22 0.0091961 0.0010116 0.0010801 0.0088018 0.0088793 0.0035427 0.0090349 0.0095893 0.0014243 0.0014276 0.0000000 0.0102940 0.0089570 0.0092087 0.0097335 0.0100598 0.0022697 0.0017012 0.0098413 0.0089655 0.0100759 0.0093560 0.0050796 0.0102313 0.0191332 0.0197185 0.0198991 0.0203117 0.0192175 0.0197078 0.0205110 0.0194673 0.0197222 0.0193016 0.0203193 
OP688200.1_L1_526_4_WGS_2017-06-22 0.0087826 0.0099080 0.0098298 0.0014873 0.0014185 0.0088001 0.0015563 0.0088564 0.0101469 0.0102381 0.0102940 0.0000000 0.0014874 0.0056748 0.0023221 0.0023248 0.0111219 0.0106144 0.0055956 0.0051430 0.0025375 0.0052173 0.0100497 0.0058168 0.0208835 0.0214752 0.0214795 0.0218960 0.0209685 0.0216348 0.0222754 0.0212140 0.0214789 0.0210532 0.0220820 
OP688201.1_L1_527_4_WGS_2017-06-22 0.0075449 0.0085760 0.0084989 0.0001325 0.0000662 0.0076380 0.0001990 0.0077769 0.0088115 0.0089011 0.0089570 0.0014874 0.0000000 0.0043414 0.0009392 0.0009403 0.0097721 0.0092721 0.0044147 0.0041165 0.0015597 0.0040445 0.0086451 0.0046323 0.0194383 0.0200246 0.0202055 0.0206188 0.0195227 0.0201829 0.0208184 0.0199419 0.0200283 0.0196069 0.0206264 
OP688202.1_L1_509_6_WGS_2017-07-13 0.0078734 0.0088264 0.0087491 0.0041956 0.0042683 0.0078848 0.0044145 0.0082605 0.0090628 0.0089971 0.0092087 0.0056748 0.0043414 0.0000000 0.0048521 0.0051564 0.0100267 0.0095249 0.0045603 0.0019749 0.0055393 0.0040434 0.0090514 0.0049258 0.0196354 0.0202223 0.0204034 0.0208171 0.0197199 0.0203808 0.0210168 0.0201396 0.0200493 0.0198043 0.0209942 
OP688203.1_L1_510_6_WGS_2017-07-13 0.0081548 0.0093496 0.0092719 0.0009392 0.0008714 0.0084032 0.0010072 0.0085428 0.0095871 0.0095213 0.0097335 0.0023221 0.0009392 0.0048521 0.0000000 0.0016266 0.0105555 0.0100511 0.0051472 0.0048449 0.0023293 0.0047720 0.0095755 0.0053670 0.0201095 0.0206977 0.0208791 0.0212948 0.0201943 0.0208564 0.0214951 0.0206149 0.0207015 0.0202788 0.0211323 
OP688204.1_L1_516_6_WGS_2017-07-13 0.0083207 0.0096746 0.0095967 0.0010765 0.0010084 0.0087244 0.0011448 0.0087096 0.0099130 0.0098470 0.0100598 0.0023248 0.0009403 0.0051564 0.0016266 0.0000000 0.0108857 0.0103785 0.0054533 0.0051490 0.0025410 0.0050757 0.0097442 0.0056742 0.0202920 0.0208806 0.0210621 0.0214785 0.0203769 0.0210403 0.0216790 0.0207978 0.0208844 0.0204615 0.0214861 
OP688205.1_L1_518_6_WGS_2017-07-13 0.0100923 0.0012179 0.0012178 0.0096155 0.0096937 0.0043636 0.0098507 0.0101670 0.0009446 0.0013546 0.0022697 0.0111219 0.0097721 0.0100267 0.0105555 0.0108857 0.0000000 0.0019112 0.0103419 0.0099384 0.0109012 0.0100176 0.0053974 0.0107338 0.0198459 0.0206028 0.0202684 0.0206819 0.0199305 0.0204227 0.0212285 0.0198359 0.0204371 0.0198460 0.0210363 
OP688206.1_L1_522_6_WGS_2017-07-13 0.0095903 0.0010796 0.0008040 0.0091163 0.0091941 0.0040557 0.0093502 0.0096646 0.0012145 0.0013578 0.0017012 0.0106144 0.0092721 0.0095249 0.0100511 0.0103785 0.0019112 0.0000000 0.0096814 0.0092808 0.0102370 0.0093595 0.0048607 0.0100708 0.0193058 0.0198916 0.0197271 0.0201394 0.0193902 0.0198809 0.0206849 0.0192958 0.0198953 0.0193059 0.0203237 
OP688207.1_L1_529_6_WGS_2017-07-13 0.0085679 0.0091378 0.0090602 0.0042687 0.0043416 0.0085081 0.0044879 0.0083260 0.0093750 0.0094653 0.0098413 0.0055956 0.0044147 0.0045603 0.0051472 0.0054533 0.0103419 0.0096814 0.0000000 0.0038943 0.0054602 0.0004668 0.0088831 0.0010073 0.0200516 0.0208169 0.0202977 0.0208806 0.0201363 0.0211462 0.0214368 0.0200340 0.0208206 0.0200517 0.0215923 
OP688208.1_L1_535_6_WGS_2017-07-13 0.0079410 0.0085842 0.0086622 0.0039714 0.0040438 0.0077990 0.0041893 0.0080143 0.0089756 0.0090654 0.0089655 0.0051430 0.0041165 0.0019749 0.0048449 0.0051490 0.0099384 0.0092808 0.0038943 0.0000000 0.0050081 0.0033848 0.0086473 0.0044010 0.0193722 0.0199582 0.0199625 0.0203753 0.0194565 0.0201165 0.0207518 0.0196992 0.0197854 0.0195407 0.0205598 
OP688209.1_L1_545_6_WGS_2017-07-13 0.0086449 0.0096905 0.0096125 0.0015596 0.0014906 0.0088950 0.0016288 0.0085636 0.0099290 0.0100200 0.0100759 0.0025375 0.0015597 0.0055393 0.0023293 0.0025410 0.0109012 0.0102370 0.0054602 0.0050081 0.0000000 0.0050823 0.0097537 0.0056814 0.0208187 0.0214099 0.0212439 0.0216598 0.0209037 0.0215694 0.0222098 0.0209782 0.0214136 0.0208188 0.0220165 
OP688210.1_L1_571_6_WGS_2017-07-13 0.0081726 0.0088177 0.0087405 0.0038995 0.0039718 0.0080304 0.0041171 0.0080919 0.0090540 0.0091440 0.0093560 0.0052173 0.0040445 0.0040434 0.0047720 0.0050757 0.0100176 0.0093595 0.0004668 0.0033848 0.0050823 0.0000000 0.0087254 0.0009401 0.0196253 0.0202122 0.0200474 0.0206298 0.0197099 0.0205400 0.0210066 0.0197840 0.0202160 0.0196255 0.0209841 
OP688211.1_L1_515_9_WGS_2017-07-25 0.0095067 0.0044175 0.0042715 0.0086454 0.0087228 0.0038303 0.0088780 0.0092620 0.0046396 0.0047216 0.0050796 0.0100497 0.0086451 0.0090514 0.0095755 0.0097442 0.0053974 0.0048607 0.0088831 0.0086473 0.0097537 0.0087254 0.0000000 0.0092692 0.0187882 0.0197169 0.0190326 0.0194433 0.0188723 0.0195377 0.0201635 0.0187707 0.0195521 0.0187883 0.0201487 
OP688212.1_L1_559_9_WGS_2017-07-25 0.0089527 0.0095252 0.0094473 0.0044858 0.0045589 0.0088928 0.0047057 0.0087096 0.0097632 0.0097813 0.0102313 0.0058168 0.0046323 0.0049258 0.0053670 0.0056742 0.0107338 0.0100708 0.0010073 0.0044010 0.0056814 0.0009401 0.0092692 0.0000000 0.0204709 0.0212385 0.0207175 0.0213026 0.0205558 0.0215682 0.0218594 0.0204533 0.0212422 0.0204711 0.0220153 
OP688213.1_L3_763_6_WGS_2018-04-12 0.0197773 0.0187218 0.0186393 0.0192701 0.0193543 0.0177890 0.0195229 0.0200331 0.0189770 0.0190745 0.0191332 0.0208835 0.0194383 0.0196354 0.0201095 0.0202920 0.0198459 0.0193058 0.0200516 0.0193722 0.0208187 0.0196253 0.0187882 0.0204709 0.0000000 0.0011434 0.0010077 0.0026140 0.0001989 0.0024001 0.0016993 0.0013566 0.0010078 0.0002655 0.0028939 
OP688214.1_L3_765_6_WGS_2018-04-12 0.0203647 0.0193057 0.0192229 0.0198559 0.0199403 0.0183703 0.0201095 0.0206212 0.0195617 0.0196595 0.0197185 0.0214752 0.0200246 0.0202223 0.0206977 0.0208806 0.0206028 0.0198916 0.0208169 0.0199582 0.0214099 0.0202122 0.0197169 0.0212385 0.0011434 0.0000000 0.0014879 0.0031139 0.0012118 0.0027524 0.0021889 0.0019827 0.0017620 0.0011435 0.0032494 
OP688215.1_L3_769_6_WGS_2018-04-12 0.0205459 0.0191416 0.0190589 0.0200366 0.0201211 0.0185495 0.0202905 0.0202792 0.0193974 0.0194952 0.0198991 0.0214795 0.0202055 0.0204034 0.0208791 0.0210621 0.0202684 0.0197271 0.0202977 0.0199625 0.0212439 0.0200474 0.0190326 0.0207175 0.0010077 0.0014879 0.0000000 0.0025405 0.0010759 0.0027568 0.0010812 0.0014239 0.0017650 0.0008719 0.0032545 
OP688216.1_L3_770_6_WGS_2018-04-12 0.0209597 0.0195526 0.0194697 0.0204497 0.0205343 0.0189590 0.0207040 0.0206926 0.0198090 0.0199070 0.0203117 0.0218960 0.0206188 0.0208171 0.0212948 0.0214785 0.0206819 0.0201394 0.0208806 0.0203753 0.0216598 0.0206298 0.0194433 0.0213026 0.0026140 0.0031139 0.0025405 0.0000000 0.0026849 0.0012819 0.0037013 0.0024665 0.0034020 0.0024726 0.0037645 
OP688217.1_L3_794_6_WGS_2018-04-12 0.0198619 0.0188058 0.0187233 0.0193545 0.0194386 0.0178725 0.0196074 0.0201178 0.0190612 0.0191588 0.0192175 0.0209685 0.0195227 0.0197199 0.0201943 0.0203769 0.0199305 0.0193902 0.0201363 0.0194565 0.0209037 0.0197099 0.0188723 0.0205558 0.0001989 0.0012118 0.0010759 0.0026849 0.0000000 0.0024707 0.0017688 0.0014257 0.0010760 0.0003322 0.0029652 
OP688218.1_L3_798_6_WGS_2018-04-12 0.0205233 0.0192950 0.0192123 0.0200141 0.0200985 0.0183597 0.0202679 0.0207798 0.0195510 0.0196489 0.0197078 0.0216348 0.0201829 0.0203808 0.0208564 0.0210403 0.0204227 0.0198809 0.0211462 0.0201165 0.0215694 0.0205400 0.0195377 0.0215682 0.0024001 0.0027524 0.0027568 0.0012819 0.0024707 0.0000000 0.0034819 0.0026821 0.0030380 0.0024003 0.0033976 
OP688219.1_L3_769_9_WGS_2018-04-25 0.0211604 0.0200965 0.0200134 0.0206491 0.0207338 0.0191569 0.0209035 0.0214181 0.0203537 0.0204519 0.0205110 0.0222754 0.0208184 0.0210168 0.0214951 0.0216790 0.0212285 0.0206849 0.0214368 0.0207518 0.0222098 0.0210066 0.0201635 0.0218594 0.0016993 0.0021889 0.0010812 0.0037013 0.0017688 0.0034819 0.0000000 0.0025546 0.0024712 0.0016995 0.0039870 
OP688220.1_L3_770_9_WGS_2018-04-25 0.0202819 0.0187117 0.0186292 0.0197733 0.0198576 0.0182883 0.0200268 0.0200155 0.0188693 0.0189668 0.0194673 0.0212140 0.0199419 0.0201396 0.0206149 0.0207978 0.0198359 0.0192958 0.0200340 0.0196992 0.0209782 0.0197840 0.0187707 0.0204533 0.0013566 0.0019827 0.0014239 0.0024665 0.0014257 0.0026821 0.0025546 0.0000000 0.0021237 0.0013565 0.0033317 
OP688221.1_L3_785_9_WGS_2018-04-25 0.0203684 0.0193094 0.0192266 0.0198596 0.0199440 0.0183740 0.0201132 0.0206249 0.0195654 0.0196633 0.0197222 0.0214789 0.0200283 0.0200493 0.0207015 0.0208844 0.0204371 0.0198953 0.0208206 0.0197854 0.0214136 0.0202160 0.0195521 0.0212422 0.0010078 0.0017620 0.0017650 0.0034020 0.0010760 0.0030380 0.0024712 0.0021237 0.0000000 0.0011441 0.0035378 
OP688222.1_L3_788_9_WGS_2018-04-25 0.0199463 0.0187219 0.0186394 0.0194386 0.0195228 0.0179558 0.0196916 0.0200332 0.0189771 0.0190746 0.0193016 0.0210532 0.0196069 0.0198043 0.0202788 0.0204615 0.0198460 0.0193059 0.0200517 0.0195407 0.0208188 0.0196255 0.0187883 0.0204711 0.0002655 0.0011435 0.0008719 0.0024726 0.0003322 0.0024003 0.0016995 0.0013565 0.0011441 0.0000000 0.0028941 
OP688223.1_L3_798_9_WGS_2018-04-25 0.0209673 0.0199051 0.0198221 0.0204572 0.0205419 0.0187986 0.0207115 0.0212254 0.0201620 0.0202602 0.0203193 0.0220820 0.0206264 0.0209942 0.0211323 0.0214861 0.0210363 0.0203237 0.0215923 0.0205598 0.0220165 0.0209841 0.0201487 0.0220153 0.0028939 0.0032494 0.0032545 0.0037645 0.0029652 0.0033976 0.0039870 0.0033317 0.0035378 0.0028941 0.0000000 
